16 4 1 0 0.000661
16 4 1 1 0.004499
16 4 1 0 0.004546
16 4 1 1 0.000559
16 4 1 0 0.000605
16 4 1 1 0.004429
16 4 1 0 0.002959
16 4 1 1 0.000646
16 4 1 0 0.001410
16 4 1 1 0.007358
16 4 1 0 0.005158
16 4 1 1 0.002867
16 4 1 0 0.001423
16 4 1 1 0.000716
16 4 1 0 0.001488
16 4 1 1 0.004527
16 4 1 0 0.009220
16 4 1 1 0.004810
16 4 1 0 0.004508
16 4 1 1 0.007601
256 4 1 0 0.101544
256 4 1 1 0.112805
256 4 1 0 0.026631
256 4 1 1 0.020384
256 4 1 0 0.020103
256 4 1 1 0.023799
256 4 1 0 0.041995
256 4 1 1 0.533582
256 4 1 0 0.029162
256 4 1 1 0.035803
256 4 1 0 0.018194
256 4 1 1 0.066778
256 4 1 0 0.015499
256 4 1 1 0.023312
256 4 1 0 0.071565
256 4 1 1 0.064557
256 4 1 0 0.153863
256 4 1 1 0.110497
256 4 1 0 0.017400
256 4 1 1 0.028858
2048 4 1 0 0.079075
2048 4 1 1 0.038546
2048 4 1 0 0.052409
2048 4 1 1 0.042913
2048 4 1 0 0.055955
2048 4 1 1 0.041549
2048 4 1 0 0.042828
2048 4 1 1 0.038903
2048 4 1 0 0.051876
2048 4 1 1 0.042302
2048 4 1 0 0.093590
2048 4 1 1 0.041962
2048 4 1 0 0.072135
2048 4 1 1 0.044158
2048 4 1 0 0.112367
2048 4 1 1 0.038872
2048 4 1 0 0.122142
2048 4 1 1 0.071919
2048 4 1 0 0.079463
2048 4 1 1 0.058113
16 4 8 0 0.127545
16 4 8 1 0.159832
16 4 8 0 0.126821
16 4 8 1 0.242416
16 4 8 0 0.143577
16 4 8 1 0.179491
16 4 8 0 0.199085
16 4 8 1 0.155053
16 4 8 0 0.119507
16 4 8 1 0.188034
16 4 8 0 0.215701
16 4 8 1 0.107994
16 4 8 0 0.165386
16 4 8 1 0.188451
16 4 8 0 0.159355
16 4 8 1 0.254016
16 4 8 0 0.240959
16 4 8 1 0.183108
16 4 8 0 0.398663
16 4 8 1 0.196939
256 4 8 0 0.793691
256 4 8 1 0.835268
256 4 8 0 0.750173
256 4 8 1 0.630135
256 4 8 0 0.927316
256 4 8 1 0.600758
256 4 8 0 1.338516
256 4 8 1 0.840276
256 4 8 0 1.001596
256 4 8 1 0.719973
256 4 8 0 0.841938
256 4 8 1 0.645582
256 4 8 0 1.159141
256 4 8 1 0.780113
256 4 8 0 0.741393
256 4 8 1 0.698047
256 4 8 0 0.874954
256 4 8 1 0.663494
256 4 8 0 0.977600
256 4 8 1 0.864727
2048 4 8 0 3.551992
2048 4 8 1 3.063537
2048 4 8 0 3.516111
2048 4 8 1 3.164238
2048 4 8 0 3.612814
2048 4 8 1 3.150396
2048 4 8 0 4.022398
2048 4 8 1 3.042448
2048 4 8 0 3.814170
2048 4 8 1 3.416484
2048 4 8 0 3.573603
2048 4 8 1 3.219408
2048 4 8 0 3.641796
2048 4 8 1 2.978817
2048 4 8 0 3.542388
2048 4 8 1 3.196816
2048 4 8 0 3.485578
2048 4 8 1 3.204387
2048 4 8 0 3.567396
2048 4 8 1 2.985736
16 16 1 0 0.861259
16 16 1 1 0.834573
16 16 1 0 0.308409
16 16 1 1 0.101699
16 16 1 0 0.099153
16 16 1 1 0.026389
16 16 1 0 0.102165
16 16 1 1 0.137169
16 16 1 0 0.079216
16 16 1 1 0.093854
16 16 1 0 0.069545
16 16 1 1 0.063539
16 16 1 0 0.063832
16 16 1 1 0.027709
16 16 1 0 0.287930
16 16 1 1 0.133151
16 16 1 0 0.062179
16 16 1 1 0.099887
16 16 1 0 0.309675
16 16 1 1 0.094205
256 16 1 0 0.342408
256 16 1 1 0.600657
256 16 1 0 0.455555
256 16 1 1 0.340498
256 16 1 0 0.450991
256 16 1 1 0.372434
256 16 1 0 0.641358
256 16 1 1 0.472624
256 16 1 0 0.460567
256 16 1 1 0.551747
256 16 1 0 0.303559
256 16 1 1 0.323155
256 16 1 0 0.643941
256 16 1 1 0.286005
256 16 1 0 0.759390
256 16 1 1 0.422911
256 16 1 0 1.052247
256 16 1 1 0.987033
256 16 1 0 0.423185
256 16 1 1 1.179236
2048 16 1 0 0.917213
2048 16 1 1 0.808105
2048 16 1 0 0.900855
2048 16 1 1 0.847265
2048 16 1 0 0.810675
2048 16 1 1 0.794714
2048 16 1 0 0.892517
2048 16 1 1 0.647764
2048 16 1 0 0.978747
2048 16 1 1 0.916818
2048 16 1 0 1.274582
2048 16 1 1 0.947076
2048 16 1 0 0.899218
2048 16 1 1 0.851485
2048 16 1 0 0.837682
2048 16 1 1 0.775449
2048 16 1 0 0.827184
2048 16 1 1 0.645878
2048 16 1 0 0.741974
2048 16 1 1 0.643266
16 16 8 0 6.163343
16 16 8 1 2.606415
16 16 8 0 5.364878
16 16 8 1 2.237263
16 16 8 0 4.490406
16 16 8 1 2.025702
16 16 8 0 6.863646
16 16 8 1 2.500127
16 16 8 0 8.139438
16 16 8 1 2.591561
16 16 8 0 7.715904
16 16 8 1 3.497688
16 16 8 0 8.659881
16 16 8 1 3.903576
16 16 8 0 4.488044
16 16 8 1 1.985325
16 16 8 0 3.965341
16 16 8 1 2.346395
16 16 8 0 7.432263
16 16 8 1 4.651905
256 16 8 0 30.866403
256 16 8 1 28.307892
256 16 8 0 31.964006
256 16 8 1 10.351732
256 16 8 0 13.506923
256 16 8 1 8.481456
256 16 8 0 45.375660
256 16 8 1 14.550188
256 16 8 0 21.027387
256 16 8 1 58.924283
256 16 8 0 28.895407
256 16 8 1 27.580834
256 16 8 0 53.103774
256 16 8 1 12.267194
256 16 8 0 13.341607
256 16 8 1 8.815881
256 16 8 0 13.503210
256 16 8 1 36.835129
256 16 8 0 45.362701
256 16 8 1 16.551820
2048 16 8 0 73.739861
2048 16 8 1 70.602893
2048 16 8 0 76.772000
2048 16 8 1 65.808463
2048 16 8 0 64.840013
2048 16 8 1 68.602582
2048 16 8 0 69.772312
2048 16 8 1 71.387512
2048 16 8 0 95.246379
2048 16 8 1 66.154727
2048 16 8 0 70.108323
2048 16 8 1 71.632700
2048 16 8 0 123.869256
2048 16 8 1 83.941585
2048 16 8 0 82.577603
2048 16 8 1 52.810885
2048 16 8 0 80.447973
2048 16 8 1 63.700812
2048 16 8 0 65.002315
2048 16 8 1 64.612323
