16 4 1 0 0.010989
16 4 1 1 0.000676
16 4 1 0 0.011918
16 4 1 1 0.123210
16 4 1 0 0.140136
16 4 1 1 0.000947
16 4 1 0 0.025826
16 4 1 1 0.000623
16 4 1 0 0.019179
16 4 1 1 0.000219
16 4 1 0 0.022580
16 4 1 1 0.041089
16 4 1 0 0.146416
16 4 1 1 0.040697
16 4 1 0 0.014371
16 4 1 1 0.000222
16 4 1 0 0.041583
16 4 1 1 0.000273
16 4 1 0 0.031179
16 4 1 1 0.000210
256 4 1 0 0.069688
256 4 1 1 0.022192
256 4 1 0 0.060792
256 4 1 1 0.027750
256 4 1 0 0.423347
256 4 1 1 0.069552
256 4 1 0 0.091953
256 4 1 1 0.021037
256 4 1 0 0.088858
256 4 1 1 0.042896
256 4 1 0 0.057004
256 4 1 1 0.038914
256 4 1 0 0.032263
256 4 1 1 0.007362
256 4 1 0 0.196234
256 4 1 1 0.102857
256 4 1 0 0.202413
256 4 1 1 1.079369
256 4 1 0 0.162845
256 4 1 1 0.077566
2048 4 1 0 0.234195
2048 4 1 1 0.128025
2048 4 1 0 0.811075
2048 4 1 1 0.185308
2048 4 1 0 2.568267
2048 4 1 1 0.159266
2048 4 1 0 0.161761
2048 4 1 1 1.072454
2048 4 1 0 0.161458
2048 4 1 1 0.120677
2048 4 1 0 0.891944
2048 4 1 1 1.799595
2048 4 1 0 0.170823
2048 4 1 1 0.159803
2048 4 1 0 0.169327
2048 4 1 1 0.133420
2048 4 1 0 0.218637
2048 4 1 1 0.590025
2048 4 1 0 0.359646
2048 4 1 1 0.205118
16 4 8 0 0.141583
16 4 8 1 0.000560
16 4 8 0 0.185593
16 4 8 1 0.000425
16 4 8 0 0.171537
16 4 8 1 0.000541
16 4 8 0 0.150388
16 4 8 1 0.000465
16 4 8 0 0.159044
16 4 8 1 0.000514
16 4 8 0 0.177589
16 4 8 1 0.000503
16 4 8 0 0.170396
16 4 8 1 0.000532
16 4 8 0 0.159189
16 4 8 1 0.000470
16 4 8 0 0.140792
16 4 8 1 0.000475
16 4 8 0 0.179909
16 4 8 1 0.000528
256 4 8 0 0.494273
256 4 8 1 0.141520
256 4 8 0 0.451076
256 4 8 1 0.123648
256 4 8 0 0.388952
256 4 8 1 0.143867
256 4 8 0 0.455338
256 4 8 1 0.143866
256 4 8 0 0.257982
256 4 8 1 0.110256
256 4 8 0 0.326280
256 4 8 1 0.125570
256 4 8 0 0.316675
256 4 8 1 0.131640
256 4 8 0 0.347926
256 4 8 1 0.109464
256 4 8 0 0.346277
256 4 8 1 0.114882
256 4 8 0 0.424709
256 4 8 1 0.095729
2048 4 8 0 1.184338
2048 4 8 1 1.167733
2048 4 8 0 1.542191
2048 4 8 1 1.477257
2048 4 8 0 1.044634
2048 4 8 1 0.967413
2048 4 8 0 1.334215
2048 4 8 1 1.103110
2048 4 8 0 1.201563
2048 4 8 1 1.108629
2048 4 8 0 1.395041
2048 4 8 1 1.385102
2048 4 8 0 1.479563
2048 4 8 1 1.437361
2048 4 8 0 1.389039
2048 4 8 1 0.885332
2048 4 8 0 1.168644
2048 4 8 1 1.501303
2048 4 8 0 1.266522
2048 4 8 1 1.057267
16 16 1 0 0.076886
16 16 1 1 0.002212
16 16 1 0 0.055937
16 16 1 1 0.000603
16 16 1 0 0.103164
16 16 1 1 0.000352
16 16 1 0 0.066891
16 16 1 1 0.000280
16 16 1 0 0.210075
16 16 1 1 0.000244
16 16 1 0 0.169937
16 16 1 1 0.000550
16 16 1 0 0.063419
16 16 1 1 0.000185
16 16 1 0 0.067885
16 16 1 1 0.001368
16 16 1 0 0.105653
16 16 1 1 0.001157
16 16 1 0 0.078397
16 16 1 1 0.000282
256 16 1 0 0.199121
256 16 1 1 0.167543
256 16 1 0 0.154346
256 16 1 1 0.024909
256 16 1 0 0.204207
256 16 1 1 0.100702
256 16 1 0 0.133486
256 16 1 1 0.255534
256 16 1 0 0.090417
256 16 1 1 0.067722
256 16 1 0 0.102070
256 16 1 1 0.074347
256 16 1 0 0.134274
256 16 1 1 0.052865
256 16 1 0 0.112626
256 16 1 1 0.081827
256 16 1 0 0.245554
256 16 1 1 0.351094
256 16 1 0 0.890391
256 16 1 1 0.091889
2048 16 1 0 0.592046
2048 16 1 1 0.616929
2048 16 1 0 0.817268
2048 16 1 1 0.717387
2048 16 1 0 0.480907
2048 16 1 1 0.405640
2048 16 1 0 1.160689
2048 16 1 1 0.478556
2048 16 1 0 1.165575
2048 16 1 1 0.775140
2048 16 1 0 0.521775
2048 16 1 1 0.572050
2048 16 1 0 0.473036
2048 16 1 1 0.634957
2048 16 1 0 1.271047
2048 16 1 1 0.885545
2048 16 1 0 2.650443
2048 16 1 1 0.582994
2048 16 1 0 0.685067
2048 16 1 1 0.553790
16 16 8 0 0.189593
16 16 8 1 0.014557
16 16 8 0 0.172744
16 16 8 1 0.010529
16 16 8 0 0.158393
16 16 8 1 0.019338
16 16 8 0 0.177595
16 16 8 1 0.005022
16 16 8 0 0.331149
16 16 8 1 0.188502
16 16 8 0 0.213586
16 16 8 1 0.003015
16 16 8 0 0.218359
16 16 8 1 0.002072
16 16 8 0 0.165589
16 16 8 1 0.002102
16 16 8 0 0.163153
16 16 8 1 0.011227
16 16 8 0 0.715197
16 16 8 1 0.004885
256 16 8 0 0.676382
256 16 8 1 0.625708
256 16 8 0 0.619087
256 16 8 1 0.436663
256 16 8 0 0.599952
256 16 8 1 0.436651
256 16 8 0 0.609474
256 16 8 1 0.410117
256 16 8 0 2.727235
256 16 8 1 0.327659
256 16 8 0 0.557089
256 16 8 1 0.401450
256 16 8 0 0.998990
256 16 8 1 1.901691
256 16 8 0 0.532734
256 16 8 1 0.384255
256 16 8 0 0.669486
256 16 8 1 0.304660
256 16 8 0 0.544697
256 16 8 1 0.451909
2048 16 8 0 1.529466
2048 16 8 1 2.618064
2048 16 8 0 1.851254
2048 16 8 1 3.185987
2048 16 8 0 1.585495
2048 16 8 1 1.717727
2048 16 8 0 0.901499
2048 16 8 1 2.033709
2048 16 8 0 4.808539
2048 16 8 1 2.762995
2048 16 8 0 0.588684
2048 16 8 1 1.061585
2048 16 8 0 0.580181
2048 16 8 1 1.406522
2048 16 8 0 0.675851
2048 16 8 1 1.104311
2048 16 8 0 3.453239
2048 16 8 1 2.762995
2048 16 8 0 2.608205
2048 16 8 1 2.470835