16 4 1 0 0.017252
16 4 1 1 0.015531
16 4 1 0 0.003782
16 4 1 1 0.005299
16 4 1 0 0.006683
16 4 1 1 0.011113
16 4 1 0 0.003296
16 4 1 1 0.005801
16 4 1 0 0.001601
16 4 1 1 0.005323
16 4 1 0 0.003447
16 4 1 1 0.006530
16 4 1 0 0.008128
16 4 1 1 0.013600
16 4 1 0 0.016158
16 4 1 1 0.010842
16 4 1 0 0.001484
16 4 1 1 0.004557
16 4 1 0 0.010864
16 4 1 1 0.004914
256 4 1 0 0.027958
256 4 1 1 0.018556
256 4 1 0 0.035623
256 4 1 1 0.017303
256 4 1 0 0.049103
256 4 1 1 0.014960
256 4 1 0 0.017399
256 4 1 1 0.011264
256 4 1 0 0.022971
256 4 1 1 0.016194
256 4 1 0 0.029625
256 4 1 1 0.013015
256 4 1 0 0.029757
256 4 1 1 0.016376
256 4 1 0 0.011318
256 4 1 1 0.010890
256 4 1 0 0.025688
256 4 1 1 0.012806
256 4 1 0 0.022160
256 4 1 1 0.015649
2048 4 1 0 0.068873
2048 4 1 1 0.055452
2048 4 1 0 0.073189
2048 4 1 1 0.058035
2048 4 1 0 0.085158
2048 4 1 1 0.056479
2048 4 1 0 0.083198
2048 4 1 1 0.053865
2048 4 1 0 0.076130
2048 4 1 1 0.070034
2048 4 1 0 0.067768
2048 4 1 1 0.063546
2048 4 1 0 0.071163
2048 4 1 1 0.054653
2048 4 1 0 0.069103
2048 4 1 1 0.061702
2048 4 1 0 0.068702
2048 4 1 1 0.059740
2048 4 1 0 0.061580
2048 4 1 1 0.054431
16 4 8 0 0.067669
16 4 8 1 0.043195
16 4 8 0 0.070687
16 4 8 1 0.021601
16 4 8 0 0.062006
16 4 8 1 0.028416
16 4 8 0 0.071486
16 4 8 1 0.038397
16 4 8 0 0.064277
16 4 8 1 0.024799
16 4 8 0 0.065258
16 4 8 1 0.040788
16 4 8 0 0.073957
16 4 8 1 0.043553
16 4 8 0 0.086716
16 4 8 1 0.045592
16 4 8 0 0.064319
16 4 8 1 0.024794
16 4 8 0 0.083788
16 4 8 1 0.035985
256 4 8 0 0.177005
256 4 8 1 0.110776
256 4 8 0 0.126023
256 4 8 1 0.091062
256 4 8 0 0.184109
256 4 8 1 0.103053
256 4 8 0 0.129107
256 4 8 1 0.099065
256 4 8 0 0.150726
256 4 8 1 0.091055
256 4 8 0 0.188205
256 4 8 1 0.113188
256 4 8 0 0.148061
256 4 8 1 0.091794
256 4 8 0 0.193989
256 4 8 1 0.093470
256 4 8 0 0.138765
256 4 8 1 0.080635
256 4 8 0 0.168114
256 4 8 1 0.102902
2048 4 8 0 0.874124
2048 4 8 1 0.458355
2048 4 8 0 0.881490
2048 4 8 1 0.455824
2048 4 8 0 0.852848
2048 4 8 1 0.469150
2048 4 8 0 0.901557
2048 4 8 1 0.474008
2048 4 8 0 0.869671
2048 4 8 1 0.472523
2048 4 8 0 0.913526
2048 4 8 1 0.456555
2048 4 8 0 0.888000
2048 4 8 1 0.459519
2048 4 8 0 0.840835
2048 4 8 1 0.457771
2048 4 8 0 0.910223
2048 4 8 1 0.459757
2048 4 8 0 0.893911
2048 4 8 1 0.467273
16 16 1 0 0.051183
16 16 1 1 0.016745
16 16 1 0 0.084156
16 16 1 1 0.019945
16 16 1 0 0.100391
16 16 1 1 0.070037
16 16 1 0 0.073504
16 16 1 1 0.015328
16 16 1 0 0.097551
16 16 1 1 0.023997
16 16 1 0 0.142903
16 16 1 1 0.018531
16 16 1 0 0.080602
16 16 1 1 0.019170
16 16 1 0 0.103577
16 16 1 1 0.025587
16 16 1 0 0.844719
16 16 1 1 0.016008
16 16 1 0 0.072583
16 16 1 1 0.014429
256 16 1 0 0.175531
256 16 1 1 0.056882
256 16 1 0 0.125454
256 16 1 1 0.261197
256 16 1 0 0.125883
256 16 1 1 0.080400
256 16 1 0 0.096851
256 16 1 1 0.089314
256 16 1 0 0.131871
256 16 1 1 0.045833
256 16 1 0 0.145505
256 16 1 1 0.126510
256 16 1 0 0.108318
256 16 1 1 0.052100
256 16 1 0 0.083649
256 16 1 1 0.048551
256 16 1 0 0.079050
256 16 1 1 0.045909
256 16 1 0 0.077773
256 16 1 1 0.048295
2048 16 1 0 0.273714
2048 16 1 1 0.309132
2048 16 1 0 0.503850
2048 16 1 1 0.486900
2048 16 1 0 0.284980
2048 16 1 1 0.369334
2048 16 1 0 0.554677
2048 16 1 1 0.362944
2048 16 1 0 0.477159
2048 16 1 1 0.347676
2048 16 1 0 0.741290
2048 16 1 1 0.435282
2048 16 1 0 0.790011
2048 16 1 1 0.485666
2048 16 1 0 0.339218
2048 16 1 1 0.304360
2048 16 1 0 0.545741
2048 16 1 1 0.331695
2048 16 1 0 0.513697
2048 16 1 1 0.339430
16 16 8 0 0.266652
16 16 8 1 0.116501
16 16 8 0 0.252687
16 16 8 1 0.105016
16 16 8 0 0.220604
16 16 8 1 0.086395
16 16 8 0 0.285946
16 16 8 1 0.126302
16 16 8 0 0.309762
16 16 8 1 0.195219
16 16 8 0 0.261137
16 16 8 1 0.114276
16 16 8 0 0.177841
16 16 8 1 0.066385
16 16 8 0 0.198658
16 16 8 1 0.088782
16 16 8 0 0.222883
16 16 8 1 0.311937
16 16 8 0 0.178512
16 16 8 1 0.052794
256 16 8 0 0.444323
256 16 8 1 0.376213
256 16 8 0 0.692975
256 16 8 1 0.463074
256 16 8 0 0.805740
256 16 8 1 0.463067
256 16 8 0 0.578727
256 16 8 1 0.597414
256 16 8 0 0.597919
256 16 8 1 0.456952
256 16 8 0 0.404600
256 16 8 1 0.377802
256 16 8 0 0.582724
256 16 8 1 0.637651
256 16 8 0 0.574497
256 16 8 1 0.453456
256 16 8 0 0.636340
256 16 8 1 0.515135
256 16 8 0 0.523130
256 16 8 1 0.468161
2048 16 8 0 1.330320
2048 16 8 1 2.525791
2048 16 8 0 3.268323
2048 16 8 1 3.738485
2048 16 8 0 1.203545
2048 16 8 1 1.940979
2048 16 8 0 3.087444
2048 16 8 1 3.039386
2048 16 8 0 1.060879
2048 16 8 1 1.494930
2048 16 8 0 1.107619
2048 16 8 1 1.405249
2048 16 8 0 2.825605
2048 16 8 1 6.094914
2048 16 8 0 5.088962
2048 16 8 1 2.137664
2048 16 8 0 2.635853
2048 16 8 1 1.913556
2048 16 8 0 4.330753
2048 16 8 1 4.272087
