16 4 1 0 0.010249
16 4 1 1 0.000412
16 4 1 0 0.001345
16 4 1 1 0.000399
16 4 1 0 0.000897
16 4 1 1 0.000460
16 4 1 0 0.001612
16 4 1 1 0.001367
16 4 1 0 0.000758
16 4 1 1 0.000393
16 4 1 0 0.000783
16 4 1 1 0.000315
16 4 1 0 0.000833
16 4 1 1 0.000551
16 4 1 0 0.002796
16 4 1 1 0.000938
16 4 1 0 0.000748
16 4 1 1 0.000581
16 4 1 0 0.000746
16 4 1 1 0.000566
256 4 1 0 0.029685
256 4 1 1 0.010114
256 4 1 0 0.019463
256 4 1 1 0.010672
256 4 1 0 0.036272
256 4 1 1 0.006496
256 4 1 0 0.032157
256 4 1 1 0.006684
256 4 1 0 0.025035
256 4 1 1 0.011190
256 4 1 0 0.027948
256 4 1 1 0.042199
256 4 1 0 0.022810
256 4 1 1 0.008582
256 4 1 0 0.025381
256 4 1 1 0.005537
256 4 1 0 0.033540
256 4 1 1 0.007698
256 4 1 0 0.026133
256 4 1 1 0.007100
2048 4 1 0 0.120089
2048 4 1 1 0.045949
2048 4 1 0 0.085387
2048 4 1 1 0.075602
2048 4 1 0 0.106001
2048 4 1 1 0.074389
2048 4 1 0 0.085641
2048 4 1 1 0.065590
2048 4 1 0 0.091847
2048 4 1 1 0.065537
2048 4 1 0 0.081953
2048 4 1 1 0.072052
2048 4 1 0 0.105627
2048 4 1 1 0.070561
2048 4 1 0 0.088920
2048 4 1 1 0.067193
2048 4 1 0 0.092249
2048 4 1 1 0.090585
2048 4 1 0 0.078960
2048 4 1 1 0.068433
16 4 8 0 0.089012
16 4 8 1 0.000423
16 4 8 0 0.053940
16 4 8 1 0.000420
16 4 8 0 0.097611
16 4 8 1 0.000434
16 4 8 0 0.086861
16 4 8 1 0.000412
16 4 8 0 0.091283
16 4 8 1 0.000428
16 4 8 0 0.085603
16 4 8 1 0.000447
16 4 8 0 0.076371
16 4 8 1 0.000437
16 4 8 0 0.096352
16 4 8 1 0.000451
16 4 8 0 0.088312
16 4 8 1 0.000415
16 4 8 0 0.080136
16 4 8 1 0.000417
256 4 8 0 0.498323
256 4 8 1 0.116381
256 4 8 0 0.603889
256 4 8 1 0.071851
256 4 8 0 0.594658
256 4 8 1 0.106657
256 4 8 0 0.538994
256 4 8 1 0.119110
256 4 8 0 0.549721
256 4 8 1 0.186208
256 4 8 0 0.593248
256 4 8 1 0.065723
256 4 8 0 0.543342
256 4 8 1 0.135340
256 4 8 0 0.503890
256 4 8 1 0.109454
256 4 8 0 0.507572
256 4 8 1 0.099591
256 4 8 0 0.548968
256 4 8 1 0.097644
2048 4 8 0 3.443179
2048 4 8 1 1.430302
2048 4 8 0 5.623885
2048 4 8 1 1.454648
2048 4 8 0 3.834857
2048 4 8 1 1.538326
2048 4 8 0 4.373189
2048 4 8 1 1.480815
2048 4 8 0 3.239436
2048 4 8 1 1.485856
2048 4 8 0 4.330834
2048 4 8 1 1.516517
2048 4 8 0 3.161585
2048 4 8 1 1.490651
2048 4 8 0 4.693107
2048 4 8 1 1.464904
2048 4 8 0 3.619773
2048 4 8 1 1.330508
2048 4 8 0 3.998914
2048 4 8 1 1.452456
16 16 1 0 0.004767
16 16 1 1 0.007166
16 16 1 0 0.009016
16 16 1 1 0.000624
16 16 1 0 0.009249
16 16 1 1 0.000365
16 16 1 0 0.005241
16 16 1 1 0.000955
16 16 1 0 0.015135
16 16 1 1 0.000348
16 16 1 0 0.008488
16 16 1 1 0.005734
16 16 1 0 0.010169
16 16 1 1 0.000824
16 16 1 0 0.006093
16 16 1 1 0.000948
16 16 1 0 0.008369
16 16 1 1 0.000276
16 16 1 0 0.012355
16 16 1 1 0.005092
256 16 1 0 0.100091
256 16 1 1 0.046829
256 16 1 0 0.130885
256 16 1 1 0.034302
256 16 1 0 0.185793
256 16 1 1 0.065855
256 16 1 0 0.155972
256 16 1 1 0.060111
256 16 1 0 0.158914
256 16 1 1 0.061686
256 16 1 0 0.084133
256 16 1 1 0.105510
256 16 1 0 0.124206
256 16 1 1 0.061025
256 16 1 0 0.104962
256 16 1 1 0.055739
256 16 1 0 0.120190
256 16 1 1 0.055963
256 16 1 0 0.185052
256 16 1 1 0.053153
2048 16 1 0 0.648744
2048 16 1 1 0.279129
2048 16 1 0 0.668665
2048 16 1 1 0.240964
2048 16 1 0 0.589690
2048 16 1 1 0.362800
2048 16 1 0 0.587395
2048 16 1 1 0.418299
2048 16 1 0 0.582959
2048 16 1 1 0.385923
2048 16 1 0 0.547918
2048 16 1 1 0.393875
2048 16 1 0 0.709064
2048 16 1 1 0.269929
2048 16 1 0 0.646603
2048 16 1 1 0.271216
2048 16 1 0 0.630583
2048 16 1 1 0.215449
2048 16 1 0 0.640677
2048 16 1 1 0.375183
16 16 8 0 0.174293
16 16 8 1 0.001889
16 16 8 0 0.179781
16 16 8 1 0.013568
16 16 8 0 0.160845
16 16 8 1 0.001924
16 16 8 0 0.166532
16 16 8 1 0.006538
16 16 8 0 0.165027
16 16 8 1 0.001972
16 16 8 0 0.178739
16 16 8 1 0.001932
16 16 8 0 0.189958
16 16 8 1 0.001979
16 16 8 0 0.163663
16 16 8 1 0.001922
16 16 8 0 0.152518
16 16 8 1 0.004777
16 16 8 0 0.158649
16 16 8 1 0.001976
256 16 8 0 1.363305
256 16 8 1 0.170841
256 16 8 0 1.252663
256 16 8 1 0.181938
256 16 8 0 1.336744
256 16 8 1 0.251900
256 16 8 0 1.396678
256 16 8 1 0.170747
256 16 8 0 1.280364
256 16 8 1 0.165341
256 16 8 0 1.251118
256 16 8 1 0.169643
256 16 8 0 1.547899
256 16 8 1 0.170475
256 16 8 0 1.460962
256 16 8 1 0.177665
256 16 8 0 1.718699
256 16 8 1 0.192991
256 16 8 0 1.310173
256 16 8 1 0.168847
2048 16 8 0 9.871245
2048 16 8 1 19.145167
2048 16 8 0 9.355428
2048 16 8 1 17.891129
2048 16 8 0 8.996797
2048 16 8 1 15.267774
2048 16 8 0 8.182902
2048 16 8 1 17.375129
2048 16 8 0 7.753832
2048 16 8 1 14.624610
2048 16 8 0 8.950121
2048 16 8 1 17.997859
2048 16 8 0 10.160110
2048 16 8 1 19.580665
2048 16 8 0 11.143735
2048 16 8 1 21.363111
2048 16 8 0 11.474185
2048 16 8 1 23.249442
2048 16 8 0 16.203762
2048 16 8 1 26.707105
